output_bucket: cse472firespreadprediction
rectangular_size: 0.5
year: 2025
fire_21890058:
  latitude: 35.111258
  longitude: -120.097902
  start: 2025-08-01
  end: 2025-09-28
